
8 colors used: {1, 2, 3, 4, 5, 6, 7, 8}

vertex    color
----------------
 1         5         
 2         1         
 3         6         
 4         2         
 5         4         
 6         2         
 7         5         
 8         7         
 9         2         
 10        1         
 11        6         
 12        4         
 13        4         
 14        1         
 15        6         
 16        5         
 17        4         
 18        3         
 19        3         
 20        5         
 21        6         
 22        8         
 23        1         
 24        2         
 25        5         
 26        6         
 27        3         
 28        3         
 29        5         
 30        6         
